Dark theme:

<svg width="100%" height="100%" id="svg" viewBox="0 0 1440 700" xmlns="http://www.w3.org/2000/svg" class="transition duration-300 ease-in-out delay-150"><style>
          .path-0{
            animation:pathAnim-0 4s;
            animation-timing-function: linear;
            animation-iteration-count: infinite;
          }
          @keyframes pathAnim-0{
            0%{
              d: path("M 0,700 C 0,700 0,233 0,233 C 70.11025641025643,230.66923076923078 140.22051282051285,228.33846153846156 221,217 C 301.77948717948715,205.66153846153844 393.228205128205,185.3153846153846 472,181 C 550.771794871795,176.6846153846154 616.8666666666667,188.40000000000006 704,219 C 791.1333333333333,249.59999999999994 899.3051282051283,299.08461538461535 990,298 C 1080.6948717948717,296.91538461538465 1153.9128205128204,245.2615384615385 1226,226 C 1298.0871794871796,206.7384615384615 1369.0435897435898,219.86923076923074 1440,233 C 1440,233 1440,700 1440,700 Z");
            }
            25%{
              d: path("M 0,700 C 0,700 0,233 0,233 C 96.6076923076923,232.02307692307693 193.2153846153846,231.04615384615383 281,232 C 368.7846153846154,232.95384615384617 447.7461538461538,235.83846153846156 524,258 C 600.2538461538462,280.16153846153844 673.8000000000001,321.59999999999997 733,313 C 792.1999999999999,304.40000000000003 837.053846153846,245.76153846153844 921,231 C 1004.946153846154,216.23846153846156 1127.9846153846154,245.35384615384618 1221,253 C 1314.0153846153846,260.6461538461538 1377.0076923076922,246.8230769230769 1440,233 C 1440,233 1440,700 1440,700 Z");
            }
            50%{
              d: path("M 0,700 C 0,700 0,233 0,233 C 76.26153846153846,286.54615384615386 152.52307692307693,340.0923076923077 237,320 C 321.4769230769231,299.9076923076923 414.1692307692308,206.17692307692306 494,175 C 573.8307692307692,143.82307692307694 640.8,175.20000000000002 706,208 C 771.2,240.79999999999998 834.6307692307693,275.0230769230769 921,278 C 1007.3692307692307,280.9769230769231 1116.6769230769232,252.70769230769233 1207,240 C 1297.3230769230768,227.29230769230767 1368.6615384615384,230.14615384615382 1440,233 C 1440,233 1440,700 1440,700 Z");
            }
            75%{
              d: path("M 0,700 C 0,700 0,233 0,233 C 68.80512820512823,241.63333333333335 137.61025641025645,250.2666666666667 214,267 C 290.38974358974355,283.7333333333333 374.3641025641025,308.56666666666666 467,296 C 559.6358974358975,283.43333333333334 660.9333333333333,233.46666666666664 751,201 C 841.0666666666667,168.53333333333336 919.9025641025642,153.56666666666666 1001,182 C 1082.0974358974358,210.43333333333334 1165.4564102564102,282.26666666666665 1239,298 C 1312.5435897435898,313.73333333333335 1376.271794871795,273.3666666666667 1440,233 C 1440,233 1440,700 1440,700 Z");
            }
            100%{
              d: path("M 0,700 C 0,700 0,233 0,233 C 70.11025641025643,230.66923076923078 140.22051282051285,228.33846153846156 221,217 C 301.77948717948715,205.66153846153844 393.228205128205,185.3153846153846 472,181 C 550.771794871795,176.6846153846154 616.8666666666667,188.40000000000006 704,219 C 791.1333333333333,249.59999999999994 899.3051282051283,299.08461538461535 990,298 C 1080.6948717948717,296.91538461538465 1153.9128205128204,245.2615384615385 1226,226 C 1298.0871794871796,206.7384615384615 1369.0435897435898,219.86923076923074 1440,233 C 1440,233 1440,700 1440,700 Z");
            }
          }</style><defs><linearGradient id="gradient" x1="0%" y1="50%" x2="100%" y2="50%"><stop offset="5%" stop-color="#ff63c388"></stop><stop offset="95%" stop-color="#81e6d988"></stop></linearGradient></defs><path d="M 0,700 C 0,700 0,233 0,233 C 70.11025641025643,230.66923076923078 140.22051282051285,228.33846153846156 221,217 C 301.77948717948715,205.66153846153844 393.228205128205,185.3153846153846 472,181 C 550.771794871795,176.6846153846154 616.8666666666667,188.40000000000006 704,219 C 791.1333333333333,249.59999999999994 899.3051282051283,299.08461538461535 990,298 C 1080.6948717948717,296.91538461538465 1153.9128205128204,245.2615384615385 1226,226 C 1298.0871794871796,206.7384615384615 1369.0435897435898,219.86923076923074 1440,233 C 1440,233 1440,700 1440,700 Z" stroke="none" stroke-width="0" fill="url(#gradient)" class="transition-all duration-300 ease-in-out delay-150 path-0"></path><style>
          .path-1{
            animation:pathAnim-1 4s;
            animation-timing-function: linear;
            animation-iteration-count: infinite;
          }
          @keyframes pathAnim-1{
            0%{
              d: path("M 0,700 C 0,700 0,466 0,466 C 79.83589743589741,446.0897435897436 159.67179487179482,426.1794871794872 242,414 C 324.3282051282052,401.8205128205128 409.14871794871794,397.37179487179486 492,394 C 574.851282051282,390.62820512820514 655.7333333333332,388.33333333333337 728,409 C 800.2666666666668,429.66666666666663 863.9179487179488,473.2948717948718 935,487 C 1006.0820512820512,500.7051282051282 1084.5948717948718,484.48717948717945 1170,476 C 1255.4051282051282,467.51282051282055 1347.702564102564,466.7564102564103 1440,466 C 1440,466 1440,700 1440,700 Z");
            }
            25%{
              d: path("M 0,700 C 0,700 0,466 0,466 C 87.58461538461538,470.6 175.16923076923075,475.2 259,449 C 342.83076923076925,422.8 422.9076923076924,365.8 496,388 C 569.0923076923076,410.2 635.2,511.6 719,542 C 802.8,572.4 904.2923076923078,531.8 985,512 C 1065.7076923076922,492.2 1125.6307692307691,493.2 1198,489 C 1270.3692307692309,484.8 1355.1846153846154,475.4 1440,466 C 1440,466 1440,700 1440,700 Z");
            }
            50%{
              d: path("M 0,700 C 0,700 0,466 0,466 C 89.40769230769232,466.7769230769231 178.81538461538463,467.55384615384617 256,479 C 333.18461538461537,490.44615384615383 398.14615384615377,512.5615384615385 467,525 C 535.8538461538462,537.4384615384615 608.6000000000001,540.2 688,532 C 767.3999999999999,523.8 853.453846153846,504.63846153846157 931,512 C 1008.546153846154,519.3615384615384 1077.5846153846155,553.2461538461538 1161,550 C 1244.4153846153845,546.7538461538462 1342.2076923076922,506.3769230769231 1440,466 C 1440,466 1440,700 1440,700 Z");
            }
            75%{
              d: path("M 0,700 C 0,700 0,466 0,466 C 61.343589743589746,485.05128205128204 122.68717948717949,504.1025641025641 205,475 C 287.3128205128205,445.8974358974359 390.5948717948718,368.64102564102564 476,381 C 561.4051282051282,393.35897435897436 628.9333333333334,495.33333333333326 714,535 C 799.0666666666666,574.6666666666667 901.6717948717949,552.0256410256411 986,511 C 1070.3282051282051,469.97435897435895 1136.3794871794871,410.56410256410254 1209,400 C 1281.6205128205129,389.43589743589746 1360.8102564102564,427.71794871794873 1440,466 C 1440,466 1440,700 1440,700 Z");
            }
            100%{
              d: path("M 0,700 C 0,700 0,466 0,466 C 79.83589743589741,446.0897435897436 159.67179487179482,426.1794871794872 242,414 C 324.3282051282052,401.8205128205128 409.14871794871794,397.37179487179486 492,394 C 574.851282051282,390.62820512820514 655.7333333333332,388.33333333333337 728,409 C 800.2666666666668,429.66666666666663 863.9179487179488,473.2948717948718 935,487 C 1006.0820512820512,500.7051282051282 1084.5948717948718,484.48717948717945 1170,476 C 1255.4051282051282,467.51282051282055 1347.702564102564,466.7564102564103 1440,466 C 1440,466 1440,700 1440,700 Z");
            }
          }</style><defs><linearGradient id="gradient" x1="0%" y1="50%" x2="100%" y2="50%"><stop offset="5%" stop-color="#ff63c3ff"></stop><stop offset="95%" stop-color="#81e6d9ff"></stop></linearGradient></defs><path d="M 0,700 C 0,700 0,466 0,466 C 79.83589743589741,446.0897435897436 159.67179487179482,426.1794871794872 242,414 C 324.3282051282052,401.8205128205128 409.14871794871794,397.37179487179486 492,394 C 574.851282051282,390.62820512820514 655.7333333333332,388.33333333333337 728,409 C 800.2666666666668,429.66666666666663 863.9179487179488,473.2948717948718 935,487 C 1006.0820512820512,500.7051282051282 1084.5948717948718,484.48717948717945 1170,476 C 1255.4051282051282,467.51282051282055 1347.702564102564,466.7564102564103 1440,466 C 1440,466 1440,700 1440,700 Z" stroke="none" stroke-width="0" fill="url(#gradient)" class="transition-all duration-300 ease-in-out delay-150 path-1"></path></svg>


Light theme:

<svg width="100%" height="100%" id="svg" viewBox="0 0 1440 700" xmlns="http://www.w3.org/2000/svg" class="transition duration-300 ease-in-out delay-150"><style>
          .path-0{
            animation:pathAnim-0 4s;
            animation-timing-function: linear;
            animation-iteration-count: infinite;
          }
          @keyframes pathAnim-0{
            0%{
              d: path("M 0,700 C 0,700 0,233 0,233 C 70.11025641025643,230.66923076923078 140.22051282051285,228.33846153846156 221,217 C 301.77948717948715,205.66153846153844 393.228205128205,185.3153846153846 472,181 C 550.771794871795,176.6846153846154 616.8666666666667,188.40000000000006 704,219 C 791.1333333333333,249.59999999999994 899.3051282051283,299.08461538461535 990,298 C 1080.6948717948717,296.91538461538465 1153.9128205128204,245.2615384615385 1226,226 C 1298.0871794871796,206.7384615384615 1369.0435897435898,219.86923076923074 1440,233 C 1440,233 1440,700 1440,700 Z");
            }
            25%{
              d: path("M 0,700 C 0,700 0,233 0,233 C 96.6076923076923,232.02307692307693 193.2153846153846,231.04615384615383 281,232 C 368.7846153846154,232.95384615384617 447.7461538461538,235.83846153846156 524,258 C 600.2538461538462,280.16153846153844 673.8000000000001,321.59999999999997 733,313 C 792.1999999999999,304.40000000000003 837.053846153846,245.76153846153844 921,231 C 1004.946153846154,216.23846153846156 1127.9846153846154,245.35384615384618 1221,253 C 1314.0153846153846,260.6461538461538 1377.0076923076922,246.8230769230769 1440,233 C 1440,233 1440,700 1440,700 Z");
            }
            50%{
              d: path("M 0,700 C 0,700 0,233 0,233 C 76.26153846153846,286.54615384615386 152.52307692307693,340.0923076923077 237,320 C 321.4769230769231,299.9076923076923 414.1692307692308,206.17692307692306 494,175 C 573.8307692307692,143.82307692307694 640.8,175.20000000000002 706,208 C 771.2,240.79999999999998 834.6307692307693,275.0230769230769 921,278 C 1007.3692307692307,280.9769230769231 1116.6769230769232,252.70769230769233 1207,240 C 1297.3230769230768,227.29230769230767 1368.6615384615384,230.14615384615382 1440,233 C 1440,233 1440,700 1440,700 Z");
            }
            75%{
              d: path("M 0,700 C 0,700 0,233 0,233 C 68.80512820512823,241.63333333333335 137.61025641025645,250.2666666666667 214,267 C 290.38974358974355,283.7333333333333 374.3641025641025,308.56666666666666 467,296 C 559.6358974358975,283.43333333333334 660.9333333333333,233.46666666666664 751,201 C 841.0666666666667,168.53333333333336 919.9025641025642,153.56666666666666 1001,182 C 1082.0974358974358,210.43333333333334 1165.4564102564102,282.26666666666665 1239,298 C 1312.5435897435898,313.73333333333335 1376.271794871795,273.3666666666667 1440,233 C 1440,233 1440,700 1440,700 Z");
            }
            100%{
              d: path("M 0,700 C 0,700 0,233 0,233 C 70.11025641025643,230.66923076923078 140.22051282051285,228.33846153846156 221,217 C 301.77948717948715,205.66153846153844 393.228205128205,185.3153846153846 472,181 C 550.771794871795,176.6846153846154 616.8666666666667,188.40000000000006 704,219 C 791.1333333333333,249.59999999999994 899.3051282051283,299.08461538461535 990,298 C 1080.6948717948717,296.91538461538465 1153.9128205128204,245.2615384615385 1226,226 C 1298.0871794871796,206.7384615384615 1369.0435897435898,219.86923076923074 1440,233 C 1440,233 1440,700 1440,700 Z");
            }
          }</style><defs><linearGradient id="gradient" x1="0%" y1="50%" x2="100%" y2="50%"><stop offset="5%" stop-color="#3d7aed88"></stop><stop offset="95%" stop-color="#31979588"></stop></linearGradient></defs><path d="M 0,700 C 0,700 0,233 0,233 C 70.11025641025643,230.66923076923078 140.22051282051285,228.33846153846156 221,217 C 301.77948717948715,205.66153846153844 393.228205128205,185.3153846153846 472,181 C 550.771794871795,176.6846153846154 616.8666666666667,188.40000000000006 704,219 C 791.1333333333333,249.59999999999994 899.3051282051283,299.08461538461535 990,298 C 1080.6948717948717,296.91538461538465 1153.9128205128204,245.2615384615385 1226,226 C 1298.0871794871796,206.7384615384615 1369.0435897435898,219.86923076923074 1440,233 C 1440,233 1440,700 1440,700 Z" stroke="none" stroke-width="0" fill="url(#gradient)" class="transition-all duration-300 ease-in-out delay-150 path-0"></path><style>
          .path-1{
            animation:pathAnim-1 4s;
            animation-timing-function: linear;
            animation-iteration-count: infinite;
          }
          @keyframes pathAnim-1{
            0%{
              d: path("M 0,700 C 0,700 0,466 0,466 C 79.83589743589741,446.0897435897436 159.67179487179482,426.1794871794872 242,414 C 324.3282051282052,401.8205128205128 409.14871794871794,397.37179487179486 492,394 C 574.851282051282,390.62820512820514 655.7333333333332,388.33333333333337 728,409 C 800.2666666666668,429.66666666666663 863.9179487179488,473.2948717948718 935,487 C 1006.0820512820512,500.7051282051282 1084.5948717948718,484.48717948717945 1170,476 C 1255.4051282051282,467.51282051282055 1347.702564102564,466.7564102564103 1440,466 C 1440,466 1440,700 1440,700 Z");
            }
            25%{
              d: path("M 0,700 C 0,700 0,466 0,466 C 87.58461538461538,470.6 175.16923076923075,475.2 259,449 C 342.83076923076925,422.8 422.9076923076924,365.8 496,388 C 569.0923076923076,410.2 635.2,511.6 719,542 C 802.8,572.4 904.2923076923078,531.8 985,512 C 1065.7076923076922,492.2 1125.6307692307691,493.2 1198,489 C 1270.3692307692309,484.8 1355.1846153846154,475.4 1440,466 C 1440,466 1440,700 1440,700 Z");
            }
            50%{
              d: path("M 0,700 C 0,700 0,466 0,466 C 89.40769230769232,466.7769230769231 178.81538461538463,467.55384615384617 256,479 C 333.18461538461537,490.44615384615383 398.14615384615377,512.5615384615385 467,525 C 535.8538461538462,537.4384615384615 608.6000000000001,540.2 688,532 C 767.3999999999999,523.8 853.453846153846,504.63846153846157 931,512 C 1008.546153846154,519.3615384615384 1077.5846153846155,553.2461538461538 1161,550 C 1244.4153846153845,546.7538461538462 1342.2076923076922,506.3769230769231 1440,466 C 1440,466 1440,700 1440,700 Z");
            }
            75%{
              d: path("M 0,700 C 0,700 0,466 0,466 C 61.343589743589746,485.05128205128204 122.68717948717949,504.1025641025641 205,475 C 287.3128205128205,445.8974358974359 390.5948717948718,368.64102564102564 476,381 C 561.4051282051282,393.35897435897436 628.9333333333334,495.33333333333326 714,535 C 799.0666666666666,574.6666666666667 901.6717948717949,552.0256410256411 986,511 C 1070.3282051282051,469.97435897435895 1136.3794871794871,410.56410256410254 1209,400 C 1281.6205128205129,389.43589743589746 1360.8102564102564,427.71794871794873 1440,466 C 1440,466 1440,700 1440,700 Z");
            }
            100%{
              d: path("M 0,700 C 0,700 0,466 0,466 C 79.83589743589741,446.0897435897436 159.67179487179482,426.1794871794872 242,414 C 324.3282051282052,401.8205128205128 409.14871794871794,397.37179487179486 492,394 C 574.851282051282,390.62820512820514 655.7333333333332,388.33333333333337 728,409 C 800.2666666666668,429.66666666666663 863.9179487179488,473.2948717948718 935,487 C 1006.0820512820512,500.7051282051282 1084.5948717948718,484.48717948717945 1170,476 C 1255.4051282051282,467.51282051282055 1347.702564102564,466.7564102564103 1440,466 C 1440,466 1440,700 1440,700 Z");
            }
          }</style><defs><linearGradient id="gradient" x1="0%" y1="50%" x2="100%" y2="50%"><stop offset="5%" stop-color="#3d7aedff"></stop><stop offset="95%" stop-color="#319795ff"></stop></linearGradient></defs><path d="M 0,700 C 0,700 0,466 0,466 C 79.83589743589741,446.0897435897436 159.67179487179482,426.1794871794872 242,414 C 324.3282051282052,401.8205128205128 409.14871794871794,397.37179487179486 492,394 C 574.851282051282,390.62820512820514 655.7333333333332,388.33333333333337 728,409 C 800.2666666666668,429.66666666666663 863.9179487179488,473.2948717948718 935,487 C 1006.0820512820512,500.7051282051282 1084.5948717948718,484.48717948717945 1170,476 C 1255.4051282051282,467.51282051282055 1347.702564102564,466.7564102564103 1440,466 C 1440,466 1440,700 1440,700 Z" stroke="none" stroke-width="0" fill="url(#gradient)" class="transition-all duration-300 ease-in-out delay-150 path-1"></path></svg>